[[  0.4     0.41    0.42    0.43    0.44    1.      9.     17.     25.
  -99.     41.     49.     57.     57.   ]
 [  0.45    0.46    0.47    0.48    0.49    2.     10.     18.     26.
  -99.     42.     50.     58.     58.   ]
 [  0.5     0.51    0.52    0.53    0.54  -99.     11.     19.     27.
  -99.    -99.     51.     59.     59.   ]
 [  0.55    0.56    0.57    0.58    0.59    4.     12.     20.     28.
  -99.     44.     52.     60.     60.   ]
 [  0.6     0.61    0.62    0.63    0.64    5.    -99.     21.     29.
  -99.     45.    -99.     61.     61.   ]
 [  0.65    0.66    0.67    0.68    0.69    6.     14.     22.    -99.
  -99.     46.     54.     62.     62.   ]
 [  0.7     0.71    0.72    0.73    0.74    7.     15.    -99.    -99.
  -99.     47.     55.    -99.     55.   ]
 [  0.75    0.76    0.77    0.78    0.79    8.     16.     24.    -99.
   40.     48.     56.     64.     64.   ]
 [  0.575   0.585   0.595   0.605   0.615  -8.25   -1.5     5.25  -20.25
  -81.625  26.75   33.5    40.25   40.25 ]]